0 76
0 211
0 75
1 94
2 200
2 182
3 138
3 189
3 55
4 75
5 16
5 227
6 197
6 96
7 22
8 224
9 224
9 104
10 174
10 107
10 41
11 198
12 129
13 55
14 155
14 213
14 244
15 229
17 85
17 254
18 152
18 251
19 214
20 76
21 193
21 201
22 49
23 82
24 181
24 230
25 187
26 104
26 73
26 204
27 78
27 58
28 99
29 252
30 218
30 193
30 79
31 252
32 253
32 230
33 61
34 85
35 142
35 51
36 120
37 43
37 217
38 103
38 230
39 153
39 80
40 52
40 250
41 66
42 173
42 95
42 58
43 116
43 199
44 172
44 49
44 150
44 92
45 143
45 99
45 110
46 144
46 228
46 229
46 166
46 135
47 221
48 188
50 136
51 176
51 239
52 239
53 163
54 156
55 233
55 69
55 108
55 146
56 162
57 223
57 88
59 186
60 236
60 212
60 164
60 203
61 207
61 185
62 240
62 63
62 125
64 181
65 230
65 179
66 102
66 234
67 243
68 111
69 112
70 164
71 77
72 119
73 188
73 132
74 193
75 156
77 152
80 214
80 123
81 82
81 93
82 232
82 84
83 192
83 118
85 217
86 196
86 158
87 224
88 206
88 238
89 120
89 102
90 149
90 251
91 172
93 219
93 153
93 111
94 192
94 145
97 191
97 180
97 133
98 165
98 225
99 245
100 117
101 228
101 238
102 194
104 139
104 209
105 108
105 231
106 240
109 169
109 244
109 206
113 157
114 128
114 227
115 211
116 167
117 138
118 163
118 129
119 128
120 190
121 187
121 222
121 234
122 195
124 223
126 129
127 157
130 222
131 216
132 205
133 226
134 221
134 185
135 237
136 152
136 155
137 174
137 246
138 192
140 227
140 208
141 215
143 216
143 186
147 252
148 200
150 179
150 156
151 198
154 240
155 252
157 202
159 194
160 191
161 249
162 234
162 196
165 221
168 214
169 239
170 202
171 218
173 193
174 176
175 176
177 240
178 215
179 221
180 246
182 202
182 224
183 208
183 249
184 231
184 202
187 242
188 221
188 206
188 220
190 198
191 232
192 235
193 233
195 219
197 209
199 247
208 248
208 247
209 240
210 232
215 241
216 222
221 255
236 242
240 241
243 248
248 251
