0 243
0 165
1 71
2 3
2 186
3 83
3 204
3 33
3 79
4 251
4 125
5 99
5 68
5 135
6 58
7 113
8 63
9 171
9 100
9 118
9 138
10 155
10 219
11 19
11 158
11 40
12 197
12 66
13 145
13 190
13 168
14 140
14 163
14 107
15 217
15 17
16 240
16 69
18 81
19 78
19 150
20 81
21 231
21 202
21 132
21 164
22 79
23 26
23 143
23 53
23 195
24 31
25 250
27 222
28 134
28 53
28 98
29 194
30 113
30 49
30 112
30 201
31 33
32 219
33 160
34 38
34 247
34 243
34 143
34 91
35 182
36 98
36 117
37 81
39 234
39 105
41 223
41 103
41 97
42 64
42 170
42 121
43 153
43 213
43 240
43 93
43 84
44 120
44 239
44 82
45 243
45 206
45 75
46 69
47 141
48 63
49 171
50 184
50 183
51 170
52 59
52 162
52 172
52 249
54 138
54 103
54 141
55 96
55 69
56 137
57 212
57 101
58 171
59 241
60 224
61 123
62 158
63 133
63 231
65 206
65 94
66 182
66 200
66 177
67 78
68 166
69 242
70 93
71 130
71 244
72 207
73 215
74 162
76 220
76 238
77 153
78 173
78 227
78 228
79 179
80 184
80 233
81 112
84 144
85 193
85 121
86 212
87 100
87 151
88 210
89 103
90 146
90 115
92 133
92 134
92 240
92 135
92 110
93 193
93 225
94 137
95 203
95 208
95 136
96 189
96 174
100 245
101 241
101 103
102 129
104 233
104 119
106 161
106 232
107 179
108 255
109 245
111 129
112 188
114 204
114 139
115 239
116 239
117 124
118 137
119 253
120 199
120 237
120 254
122 217
123 140
125 227
126 255
127 200
128 253
129 218
130 155
131 163
132 187
136 175
137 232
142 204
143 167
143 230
143 149
143 209
143 194
144 148
144 198
145 176
147 167
152 241
154 195
155 159
156 174
157 211
157 185
157 180
158 181
159 184
159 222
160 216
160 187
161 178
162 235
162 203
165 238
168 232
169 232
171 222
173 215
180 227
182 241
189 234
189 205
191 248
192 229
196 222
199 229
202 218
202 246
203 207
206 255
210 253
214 237
214 236
215 232
217 234
221 241
224 243
226 235
229 250
230 252
237 242
247 248
