0 237
1 158
2 103
2 79
2 218
2 217
3 137
4 67
5 149
6 97
7 20
8 215
8 199
8 167
9 239
9 54
9 212
9 170
10 126
11 227
12 160
12 188
13 152
14 119
15 203
16 49
16 39
17 227
17 187
18 98
18 135
19 202
20 176
20 169
20 37
21 242
22 29
23 142
23 226
23 152
23 248
24 177
25 223
26 241
26 231
26 154
27 153
27 59
28 136
28 164
28 186
28 202
29 92
29 120
29 217
30 101
31 138
32 132
33 117
34 62
35 50
35 204
36 116
36 57
37 200
38 92
39 147
39 249
40 185
41 170
41 195
42 165
42 243
43 140
44 177
44 251
44 92
45 194
45 74
46 220
47 82
47 48
48 189
49 223
49 143
50 183
50 226
51 223
51 101
52 108
52 183
53 70
55 149
55 75
56 151
56 166
56 201
56 128
57 207
58 222
58 161
59 189
59 124
59 65
60 204
61 204
61 229
62 213
63 161
63 140
63 100
64 225
65 181
66 181
67 88
67 218
68 184
68 77
68 243
69 222
69 137
70 74
71 88
72 121
73 159
73 253
74 178
74 85
75 173
75 171
76 106
77 159
78 235
79 109
80 96
81 231
83 204
83 132
84 137
85 198
85 233
85 246
86 193
86 126
86 133
87 233
88 129
88 139
89 168
89 106
89 252
90 238
91 234
91 139
91 155
93 203
93 192
94 218
95 247
96 111
97 115
99 162
101 150
101 247
101 203
102 174
104 164
104 183
105 163
105 177
106 182
107 237
107 146
107 161
107 127
110 207
110 136
110 150
111 164
112 117
112 209
112 219
112 184
113 188
113 152
114 154
115 123
117 232
118 190
118 249
118 197
119 242
121 182
122 236
123 157
124 149
125 223
125 242
125 131
126 216
126 183
130 168
132 148
134 244
135 219
135 245
138 235
138 191
138 252
138 167
140 224
141 158
142 220
143 240
144 172
144 253
145 157
146 205
146 174
153 178
156 163
157 191
158 215
160 187
161 252
162 209
162 211
162 230
163 241
165 244
166 179
168 180
170 252
172 210
175 255
175 178
177 206
177 226
177 198
177 185
177 225
179 220
181 238
192 254
196 244
200 219
204 221
205 213
208 228
213 254
214 223
217 253
224 228
225 236
233 250
