0 1
1 185
1 35
2 31
2 136
3 182
3 198
3 117
4 49
4 141
4 119
4 202
4 37
5 68
5 183
5 149
6 234
7 170
8 211
9 209
9 201
10 186
11 61
11 14
11 32
12 239
12 188
13 202
14 158
14 249
14 46
14 19
15 32
16 113
16 171
16 167
16 146
16 180
17 153
17 213
18 151
18 54
20 176
21 83
22 173
22 105
22 138
23 65
24 169
24 63
25 116
25 122
25 166
26 65
27 244
28 230
28 200
28 203
29 78
30 113
32 96
33 246
33 198
34 56
34 127
34 51
35 79
36 88
38 100
39 137
40 47
40 201
41 253
42 71
42 62
42 228
43 78
44 194
44 98
45 249
45 134
46 216
46 194
46 199
46 148
47 61
47 226
48 55
48 136
50 57
50 56
50 176
51 99
51 205
51 169
51 60
52 181
53 93
53 224
54 73
55 181
55 102
55 154
55 225
55 112
58 120
59 62
62 115
62 220
64 195
65 223
66 205
67 142
67 112
68 81
69 203
70 110
71 78
71 135
72 218
72 189
72 75
73 135
74 233
74 200
75 221
76 143
76 104
77 121
78 208
80 215
80 154
81 244
81 126
81 116
82 254
82 112
82 100
83 189
84 102
85 213
86 155
86 170
87 242
88 119
89 219
89 131
89 204
90 252
91 207
91 231
92 186
92 237
92 151
92 144
94 111
95 240
97 220
98 106
101 151
102 163
103 225
104 237
105 128
105 131
105 153
107 234
108 185
109 180
110 232
111 218
113 161
113 145
113 223
114 119
114 157
114 162
118 213
118 253
119 152
120 134
120 150
121 215
122 147
123 249
124 128
125 170
126 159
127 172
127 130
129 210
130 196
131 146
132 133
133 227
133 241
135 189
135 137
136 248
139 183
139 234
140 180
141 187
141 164
143 252
149 195
154 208
154 193
156 210
156 211
158 250
160 228
163 224
163 250
164 209
165 173
167 222
168 227
169 189
170 215
173 242
174 184
174 190
174 195
174 238
175 215
176 197
177 208
178 214
178 254
178 251
179 232
180 212
185 200
186 240
187 247
188 237
189 222
189 198
191 223
192 209
200 249
203 255
206 228
207 244
207 250
209 243
210 223
210 245
217 238
224 235
227 245
229 244
232 248
236 250
