38631
115894
57947
173842
86921
260764
130382
65191
195574
97787
293362
146681
440044
220022
110011
330034
165017
495052
247526
123763
371290
185645
556936
278468
139234
69617
208852
104426
52213
156640
78320
39160
19580
9790
4895
14686
7343
22030
11015
33046
16523
49570
24785
74356
37178
18589
55768
27884
13942
6971
20914
10457
31372
15686
7843
23530
11765
35296
17648
8824
4412
2206
1103
3310
1655
4966
2483
7450
3725
11176
5588
2794
1397
4192
2096
1048
524
262
131
394
197
592
296
148
74
37
112
56
28
14
7
22
11
34
17
52
26
13
40
20
10
5
16
8
4
2
1
