0 33
0 30
0 47
0 153
0 203
0 122
0 28
0 166
0 87
0 134
1 206
1 152
1 211
1 102
1 196
1 161
1 158
1 183
1 60
1 194
1 113
2 167
2 194
2 138
2 60
2 81
2 32
2 25
3 40
3 52
3 64
3 178
3 6
3 177
3 165
4 241
4 192
4 38
4 212
4 166
4 53
4 200
4 242
4 236
4 118
4 65
4 233
4 196
5 23
5 56
5 109
5 212
5 221
6 180
6 34
6 36
6 82
6 185
7 249
7 36
7 235
7 67
7 147
7 204
8 18
8 243
8 104
8 100
8 252
9 77
9 164
9 137
9 13
9 165
9 35
9 99
9 18
9 184
10 124
10 228
10 76
10 40
10 154
10 63
10 162
10 51
10 116
10 44
11 43
11 97
11 64
11 14
11 203
11 244
11 174
11 250
12 56
12 249
12 93
12 177
12 20
12 254
12 28
12 104
12 181
12 91
12 159
12 165
12 196
13 97
13 235
13 74
13 168
13 76
13 114
13 183
13 87
13 80
13 180
13 242
13 170
13 154
14 91
14 34
14 51
14 251
14 94
14 77
14 184
14 189
14 69
14 44
14 252
14 64
14 33
15 49
15 123
15 71
15 112
15 197
15 190
16 78
16 136
16 35
16 27
16 236
16 235
16 66
16 56
16 185
17 176
17 141
17 46
17 55
17 197
17 34
17 30
18 104
18 143
18 56
18 201
18 137
18 233
18 165
18 222
18 158
18 223
19 255
19 20
19 117
19 170
19 143
19 204
19 25
19 48
20 134
20 126
20 167
20 138
20 152
20 229
20 244
21 51
21 59
21 107
21 145
21 126
22 78
22 29
22 110
22 197
23 206
23 115
23 203
23 80
23 183
23 82
24 40
24 174
24 138
24 210
24 167
24 245
24 101
25 140
25 212
25 100
25 53
25 72
25 242
25 192
25 91
25 126
25 205
25 228
25 203
26 147
26 70
26 170
26 140
26 149
26 163
26 56
26 175
27 238
27 32
27 204
27 170
27 113
27 201
27 114
28 48
28 63
28 100
28 211
28 201
28 103
29 84
29 234
29 34
29 54
29 66
29 50
29 188
30 107
30 89
30 78
30 129
30 109
31 249
31 168
31 151
31 174
31 75
31 209
31 110
31 241
31 247
31 72
32 231
32 255
32 185
32 125
32 252
33 203
33 247
33 75
33 242
34 174
34 125
34 128
35 231
35 152
35 197
35 86
35 121
35 62
35 227
35 236
35 252
36 44
36 41
36 151
36 55
36 50
36 87
37 102
37 147
37 123
37 205
37 42
37 244
37 80
37 163
37 81
37 145
37 69
38 225
38 248
38 151
38 173
39 175
39 224
39 81
39 144
39 43
40 55
40 226
40 137
40 111
40 98
40 130
41 172
41 224
41 213
41 81
41 240
41 189
42 81
42 194
42 198
42 233
42 129
42 138
42 246
42 223
43 66
43 60
43 198
43 169
43 76
43 178
44 145
44 255
44 120
44 159
44 166
44 195
44 193
44 149
44 146
44 61
44 190
45 143
45 137
45 102
46 224
46 82
46 70
46 54
46 225
47 106
47 83
47 84
47 240
47 141
48 223
48 169
48 71
49 56
49 114
49 163
49 172
49 176
50 136
50 197
50 137
50 113
50 217
51 72
51 146
51 216
51 87
51 189
51 185
51 96
52 255
52 210
52 183
52 57
52 99
53 226
53 101
54 191
54 129
54 172
54 57
54 159
54 120
55 127
55 227
55 153
55 149
55 78
55 216
55 122
55 95
55 145
55 151
55 86
56 92
56 213
56 84
56 125
56 246
56 137
56 202
56 68
57 132
57 113
57 77
57 86
57 83
57 123
57 131
57 81
57 249
57 248
58 103
58 88
58 70
58 178
58 223
58 129
58 153
58 137
59 62
59 144
59 240
60 98
60 249
60 228
60 134
60 102
60 150
60 72
61 64
61 88
61 220
61 155
61 160
61 134
61 202
61 77
61 101
61 168
62 150
62 115
62 246
62 173
62 136
62 82
62 138
62 102
62 64
63 100
63 81
63 82
63 118
63 91
63 207
63 121
63 200
64 133
64 230
64 71
64 113
65 93
65 170
65 134
65 84
65 213
65 241
65 221
65 243
65 247
66 203
66 158
66 102
66 198
67 179
67 153
67 168
67 182
67 113
67 107
67 148
67 132
67 180
68 216
68 166
68 159
68 123
68 212
68 143
68 208
69 74
69 169
69 161
69 191
70 233
70 212
70 117
70 124
70 229
70 210
71 220
71 128
71 249
71 219
71 239
72 198
72 129
72 167
73 199
73 118
73 217
73 214
73 183
74 155
74 156
74 235
74 196
75 142
75 127
75 146
75 153
75 164
76 183
76 104
76 201
76 141
76 105
77 93
77 159
77 178
77 116
77 91
77 110
77 136
78 187
78 90
78 154
78 86
79 118
79 117
79 244
79 196
79 224
79 243
79 142
80 208
80 231
80 230
80 229
80 240
80 245
80 116
81 237
81 250
81 185
81 205
81 245
81 101
81 111
81 240
82 163
82 119
82 179
82 223
82 147
82 234
82 242
82 172
83 88
83 196
83 221
83 140
83 235
83 109
83 159
84 214
84 93
85 230
85 186
85 215
85 142
85 242
86 217
86 229
86 156
87 212
87 202
87 102
88 109
88 131
88 112
88 107
89 95
89 161
89 122
89 195
90 243
90 183
90 217
90 180
90 168
91 150
92 114
92 104
92 121
92 113
92 93
92 232
92 171
93 96
93 187
93 164
93 144
94 202
94 143
94 194
95 116
95 228
95 97
96 205
96 102
96 218
96 148
96 226
96 189
97 141
97 147
97 135
97 192
97 170
97 178
98 216
98 179
98 193
98 140
98 192
98 119
99 159
99 215
99 138
100 217
100 184
100 135
100 224
100 125
101 242
101 119
101 122
101 246
101 164
102 252
102 147
102 254
103 113
103 200
103 251
103 142
103 226
103 252
103 245
104 161
104 159
104 120
104 143
104 135
105 129
105 178
106 219
106 115
106 158
107 252
107 186
107 189
107 171
107 217
107 174
108 211
108 209
108 145
108 249
109 237
109 141
109 199
109 200
110 217
110 130
110 160
110 158
110 251
111 184
111 210
111 169
111 183
111 206
111 234
111 192
111 178
111 162
112 185
112 252
112 193
112 208
112 164
112 191
112 221
112 237
112 158
113 193
113 141
113 143
113 192
113 250
113 178
114 124
114 215
114 190
115 193
115 158
115 131
115 173
116 208
116 168
117 253
117 233
117 169
117 140
118 230
118 253
118 147
118 233
118 146
118 232
118 245
118 234
119 215
119 154
119 212
119 159
120 181
120 134
120 219
120 153
120 132
120 125
121 226
121 151
121 183
121 255
121 175
121 171
121 236
122 172
122 170
122 232
122 222
122 226
123 248
123 131
123 208
123 191
123 126
124 204
124 233
125 170
125 218
126 140
127 150
127 249
127 147
127 238
127 174
127 184
128 212
128 146
128 244
128 182
129 178
129 226
129 223
129 200
129 164
130 217
130 198
130 220
131 203
131 231
131 176
132 231
132 216
132 143
132 245
132 249
133 223
133 212
133 229
133 153
133 211
133 170
134 177
134 172
135 237
135 173
135 222
135 231
136 255
136 167
136 248
136 218
137 164
137 215
137 229
137 220
137 228
137 166
138 151
138 244
138 243
138 196
139 252
139 150
139 247
139 213
140 181
140 152
141 176
141 245
142 209
143 158
143 152
143 234
144 214
144 224
144 212
144 191
144 249
145 175
146 222
146 171
146 160
146 228
146 216
146 194
147 239
147 231
147 151
148 191
148 173
148 180
148 186
148 217
148 155
149 195
149 169
149 245
149 180
150 156
150 235
150 175
151 198
151 176
151 152
151 220
152 225
152 193
152 215
152 218
152 177
153 214
153 204
153 205
153 173
153 209
154 210
154 251
155 247
155 238
155 218
156 220
157 244
157 223
157 220
157 232
158 171
158 237
158 185
158 195
158 232
159 212
159 180
159 202
160 194
160 238
160 184
160 244
161 223
161 217
161 238
161 254
162 185
162 165
162 164
162 176
163 247
163 213
163 190
164 181
164 196
165 186
165 227
165 190
166 185
166 169
166 180
167 201
167 238
167 203
168 233
168 196
168 209
168 214
168 191
169 182
169 255
169 229
169 191
170 179
170 216
170 198
170 235
171 173
171 183
172 197
173 218
173 225
173 223
174 204
174 193
175 178
176 215
176 249
178 193
179 234
179 248
179 190
180 200
180 254
180 235
180 249
180 239
181 221
181 254
181 232
182 185
185 238
186 247
186 242
187 213
188 225
188 244
189 226
191 243
191 221
191 232
192 238
193 220
194 230
194 236
195 253
198 244
200 214
201 220
201 240
204 220
204 208
205 255
205 222
206 236
208 253
208 226
209 222
209 250
210 220
210 254
211 228
212 242
215 227
216 239
217 228
217 239
217 227
218 225
218 253
218 219
218 249
219 246
221 224
222 246
223 253
224 229
225 246
226 255
228 239
228 254
228 231
228 251
229 245
231 253
231 252
232 244
232 235
232 239
235 242
237 244
238 253
240 252
242 245
242 255
242 243
