0 45
0 13
0 47
0 237
0 253
0 72
0 57
0 106
0 83
0 241
0 165
0 36
0 7
1 238
1 255
1 184
1 93
1 70
1 117
2 171
2 186
2 175
2 209
2 62
2 56
2 117
2 25
2 130
2 205
2 107
2 93
2 128
2 148
3 197
3 120
3 4
3 235
3 22
3 196
3 158
3 139
4 88
4 225
4 139
4 44
4 73
4 48
4 8
4 37
4 125
5 244
5 127
5 32
5 28
5 9
5 25
5 200
5 122
6 46
6 112
6 91
6 82
6 117
6 200
6 161
7 44
7 65
7 148
7 111
7 146
7 127
7 227
7 30
7 192
7 129
7 155
8 139
8 144
8 124
8 146
8 60
8 125
8 71
8 210
9 196
9 32
9 14
9 126
9 68
9 252
9 115
9 225
10 145
10 41
10 175
10 230
10 75
10 249
10 17
11 184
11 66
11 113
11 172
11 29
11 195
11 92
11 18
11 201
11 154
11 65
11 136
11 124
11 63
12 196
12 254
12 111
12 152
12 172
12 60
12 98
12 57
12 171
12 164
13 196
13 105
13 53
13 252
13 246
13 134
13 70
13 43
13 215
13 202
14 27
14 77
14 191
14 97
14 254
14 161
14 178
14 151
14 61
15 71
15 44
15 205
15 193
15 176
15 28
15 254
15 68
15 219
16 74
16 239
16 159
16 104
16 91
16 19
16 156
16 241
16 85
16 26
16 137
17 147
17 158
17 183
18 198
18 209
18 96
18 114
18 149
18 226
19 67
19 130
19 192
19 46
19 242
20 91
20 136
20 163
20 140
20 113
20 214
20 202
20 87
20 22
21 222
21 233
21 149
21 244
21 119
21 134
21 36
21 78
21 142
22 112
22 130
22 214
22 146
22 208
22 186
22 225
23 135
23 47
23 229
23 35
23 228
23 34
23 232
24 219
24 235
24 30
24 176
24 208
24 188
24 76
24 46
24 244
24 48
25 149
25 56
25 123
25 143
25 62
25 57
25 114
25 183
25 138
26 83
26 198
26 39
26 176
26 57
26 151
27 168
27 62
27 128
27 174
27 119
27 141
27 144
27 101
27 255
28 155
28 64
28 239
28 147
28 241
28 202
29 132
29 122
29 195
29 105
29 244
29 143
29 187
30 201
30 112
30 140
30 60
30 80
30 197
30 182
31 225
31 42
31 161
31 44
32 250
33 126
33 238
33 208
33 240
33 151
33 220
33 246
34 132
34 54
34 135
34 127
34 123
34 159
34 42
35 134
35 201
35 205
35 165
35 207
36 179
36 169
36 211
36 230
36 188
36 134
36 114
37 223
37 79
37 154
37 86
37 179
37 67
37 184
37 103
38 223
38 233
38 170
38 92
38 247
38 199
38 109
38 157
38 156
39 135
39 127
40 74
40 149
40 219
40 88
41 237
41 135
41 95
42 50
42 167
43 154
43 161
43 45
43 54
43 123
43 109
43 164
43 243
43 170
43 218
43 178
43 53
44 222
44 106
44 67
44 68
45 135
45 60
45 227
45 245
46 246
46 236
46 226
46 156
46 148
46 184
46 205
46 101
47 152
47 177
47 69
48 142
48 211
48 143
48 119
48 186
48 240
48 205
48 125
48 106
49 172
49 214
49 91
49 225
49 157
49 227
50 126
50 208
50 215
50 94
50 54
50 170
50 133
50 145
50 176
50 240
51 180
51 254
51 157
51 63
51 97
51 103
51 93
51 205
51 123
51 168
51 85
51 74
51 250
52 209
52 143
52 219
52 153
52 218
52 137
52 147
52 77
52 75
52 213
53 68
53 174
53 83
53 248
54 180
54 90
54 254
54 108
54 73
54 197
54 218
54 206
54 58
54 122
55 226
55 114
55 97
55 187
55 160
56 151
56 202
56 250
56 62
57 140
57 129
57 104
57 81
57 180
57 176
57 172
57 91
57 159
57 181
58 63
58 146
58 212
58 95
58 183
59 112
59 225
59 248
59 239
59 167
59 176
59 153
59 151
59 76
60 156
60 64
60 210
60 203
60 206
60 248
60 195
60 100
60 115
60 187
61 178
61 157
61 80
61 198
61 155
61 234
62 210
62 119
62 183
62 167
62 182
62 188
63 248
63 221
63 115
63 90
63 177
63 69
63 121
64 179
64 233
64 152
64 81
64 253
64 180
64 193
64 203
64 186
64 215
64 83
64 107
64 160
65 193
65 152
66 69
66 95
66 104
66 196
66 164
66 70
66 147
66 255
66 81
67 109
67 155
67 255
68 218
68 125
68 79
68 137
68 161
69 102
69 157
69 131
69 117
69 206
69 89
69 156
69 211
70 209
70 213
70 229
70 204
70 143
70 156
71 116
71 86
71 254
71 243
72 142
72 127
72 146
72 227
72 248
72 169
72 96
72 122
72 186
73 157
73 233
73 192
73 139
73 184
73 226
74 217
74 118
74 78
74 148
74 195
75 179
75 230
75 244
75 246
75 137
75 223
75 170
76 238
76 165
76 81
76 218
76 108
76 137
76 129
77 141
77 144
77 111
78 137
78 161
78 183
78 201
79 107
79 202
80 233
80 187
80 252
80 170
80 145
81 225
81 187
81 160
81 133
82 223
82 195
82 208
83 248
83 241
83 245
84 148
84 228
84 145
84 114
84 222
84 178
84 127
85 172
85 100
85 169
85 195
86 235
86 123
86 156
87 102
87 140
87 153
87 145
87 249
87 215
88 248
88 189
88 246
88 155
88 107
88 220
88 147
88 225
89 142
89 127
89 188
89 95
89 168
89 113
89 207
89 222
90 221
90 252
90 220
90 139
90 148
90 192
90 152
91 206
91 181
91 97
91 157
91 141
91 183
91 142
92 120
92 223
92 204
92 239
92 102
92 237
92 240
92 206
92 113
92 108
93 138
93 112
93 229
93 105
93 248
94 239
94 196
94 143
95 193
96 109
96 157
96 175
96 235
97 204
97 234
97 137
97 159
97 145
97 114
97 223
98 136
98 123
98 190
99 213
99 212
99 238
99 172
99 219
99 156
99 225
99 102
100 159
100 242
101 195
101 245
101 106
101 227
101 112
102 194
102 150
102 127
102 124
103 202
103 105
103 213
103 226
103 201
103 121
104 169
104 174
105 146
105 153
105 237
106 240
106 218
107 124
107 118
107 239
107 163
107 246
107 198
107 155
108 254
108 109
108 124
109 244
109 131
110 153
110 237
110 174
111 254
111 140
111 203
111 247
112 146
112 157
112 215
112 140
112 209
112 244
112 172
112 253
113 122
114 243
114 140
114 130
114 185
115 228
115 220
115 213
115 204
115 222
115 167
115 249
116 218
116 173
116 242
116 186
116 235
116 187
117 201
117 214
117 252
117 211
117 206
117 119
118 250
118 122
118 184
118 139
118 153
118 179
118 160
118 196
118 199
120 193
121 169
121 218
121 209
121 233
121 248
121 247
121 129
122 244
122 141
122 198
122 140
122 252
122 223
123 207
123 222
123 167
123 176
123 226
123 148
123 137
124 174
124 136
124 212
124 168
125 219
125 214
125 234
126 249
126 162
127 252
128 176
128 239
129 230
129 190
129 245
130 201
130 142
130 235
130 131
131 205
131 221
131 139
132 194
133 136
133 195
133 207
135 187
135 209
135 139
137 172
138 210
138 195
139 168
139 205
140 179
140 212
140 182
141 223
141 167
141 236
141 252
142 213
142 160
142 250
142 217
143 144
143 232
144 243
144 240
145 210
145 157
145 155
146 192
146 155
147 187
147 152
148 195
148 167
148 209
148 158
149 164
149 207
149 159
149 154
149 224
150 250
150 233
150 211
150 239
150 210
151 230
151 237
152 171
152 202
152 185
152 162
153 169
154 179
154 190
154 214
154 164
155 171
155 185
157 220
157 209
157 215
157 225
157 196
158 197
158 198
158 253
160 184
160 236
160 216
161 170
161 200
161 178
161 213
161 182
161 199
162 218
162 205
163 197
163 193
163 169
164 248
164 176
164 193
164 235
164 246
164 189
164 217
165 172
165 227
166 194
166 168
166 180
166 211
166 234
168 187
170 224
170 216
170 223
170 199
171 241
171 174
171 243
171 209
172 222
173 202
173 185
173 190
173 224
173 226
174 226
175 228
176 205
176 236
176 241
177 222
177 255
178 189
178 190
178 243
178 239
178 179
179 211
179 192
179 224
179 181
180 197
181 220
182 221
182 193
182 198
182 194
183 194
183 200
183 250
184 224
184 231
184 236
185 225
185 207
185 215
186 237
186 214
186 215
187 219
187 208
188 251
188 215
189 249
189 205
190 230
192 247
192 199
192 255
192 228
193 217
193 232
194 243
194 197
194 233
194 245
195 197
195 226
195 204
196 209
196 223
196 213
197 244
197 217
197 240
197 200
198 215
199 240
199 225
203 207
203 237
204 231
204 242
205 243
205 223
206 241
207 212
207 213
208 223
209 210
210 247
212 245
213 232
214 232
215 253
215 254
216 218
217 227
217 248
218 221
219 224
220 237
221 246
221 225
224 245
224 233
225 232
225 239
226 250
227 255
228 249
229 236
232 239
233 241
233 248
235 253
237 255
240 244
241 249
241 246
242 255
243 248
246 252
248 253
251 255
