0 74
0 255
0 241
0 253
0 98
0 213
0 17
0 187
0 227
0 104
0 142
1 141
1 37
1 9
1 175
1 48
1 230
1 108
1 181
1 33
1 79
1 78
2 240
2 138
2 124
2 226
2 202
2 196
2 108
2 175
2 13
2 161
2 65
3 244
3 187
3 126
3 224
3 145
3 17
4 147
4 138
4 47
4 177
4 114
4 249
4 203
4 224
4 10
4 85
5 40
5 59
5 42
5 109
5 251
5 181
5 16
6 10
6 183
6 227
6 249
6 44
6 199
6 166
6 192
7 132
7 125
7 211
7 43
7 242
7 203
7 48
7 15
8 85
8 89
8 209
8 58
8 71
8 113
9 24
9 152
9 168
9 182
9 192
9 101
9 196
9 158
9 45
9 72
10 159
10 124
10 138
10 168
10 62
10 61
10 185
11 98
11 237
11 227
11 104
11 13
11 196
11 50
11 132
11 181
11 108
12 98
12 252
12 36
12 141
12 219
13 31
13 199
13 42
13 147
13 39
13 55
14 165
14 72
15 229
15 243
15 92
15 67
15 109
15 71
15 249
16 205
16 178
16 104
16 44
16 191
16 111
16 26
16 190
16 230
16 141
16 249
17 235
17 187
17 231
17 77
17 209
17 52
17 122
18 54
18 233
18 175
18 33
18 248
18 187
18 254
18 43
18 184
19 206
19 71
19 200
19 111
19 72
20 141
20 229
20 83
20 251
20 150
20 21
20 155
20 85
20 196
20 254
20 219
21 191
21 164
21 157
21 40
21 161
21 43
22 106
22 131
22 23
22 129
22 86
23 145
23 35
23 170
23 143
23 56
23 238
23 250
23 98
23 232
24 105
24 44
24 76
25 58
25 122
25 57
25 244
25 178
25 53
25 188
25 86
25 101
26 148
26 234
26 48
26 50
27 30
27 190
27 76
27 45
27 66
27 151
27 86
27 136
27 69
27 225
27 207
28 112
28 97
28 40
29 213
29 255
29 185
29 132
29 89
29 48
29 57
29 251
30 110
30 210
30 80
30 142
30 97
30 183
30 37
30 179
31 34
31 157
31 163
31 110
31 52
31 40
31 251
31 167
32 157
32 250
32 193
32 188
32 217
32 175
32 42
33 140
33 76
33 111
33 82
33 176
34 167
34 156
34 114
34 254
34 215
34 60
34 138
34 154
34 169
34 174
34 188
34 155
35 250
35 170
35 197
35 115
35 132
35 145
35 221
36 65
36 75
36 93
36 131
37 212
37 82
37 114
37 96
37 245
37 204
37 55
37 43
37 148
38 239
38 233
38 170
39 193
39 211
39 95
39 53
40 168
40 88
40 231
40 224
40 181
41 77
41 252
41 86
41 45
41 165
41 245
41 221
41 212
41 217
42 183
42 174
42 178
43 231
43 192
43 72
43 106
43 145
43 188
43 119
44 186
44 162
44 203
44 67
44 101
44 228
44 164
45 245
45 188
45 83
45 216
45 98
46 213
46 125
46 137
46 200
46 165
46 226
46 172
46 154
46 222
46 182
46 211
46 197
47 123
47 197
47 254
47 173
47 249
47 119
47 179
47 61
47 192
47 96
48 211
48 147
48 88
49 244
49 246
49 224
49 220
49 85
49 255
49 132
49 147
49 201
50 173
50 83
50 54
51 105
51 77
51 113
51 175
51 197
51 103
51 222
51 166
51 74
51 171
51 163
51 219
52 95
52 158
52 227
52 104
53 105
54 82
54 186
54 225
54 77
54 66
54 252
55 59
55 112
55 114
55 171
55 131
55 239
56 72
56 99
56 116
56 159
56 232
56 140
57 108
57 83
57 153
57 194
57 111
57 95
57 190
58 123
58 120
58 179
58 151
58 222
58 146
59 79
59 114
59 112
59 144
59 136
59 132
59 104
59 113
59 111
59 202
60 224
60 206
60 168
60 189
60 101
60 113
60 227
61 216
61 166
61 250
61 222
61 71
61 171
61 99
61 101
61 73
62 65
62 103
62 192
62 76
62 253
62 92
63 225
63 123
64 201
64 227
64 114
64 187
65 232
65 120
65 144
65 243
66 254
66 107
66 215
66 210
66 69
67 253
67 103
67 204
67 234
67 241
67 172
67 165
67 134
67 110
68 239
68 120
68 82
68 128
68 114
68 138
68 110
68 153
68 235
69 165
69 238
69 244
69 99
69 246
69 200
69 189
70 153
70 210
70 131
70 74
70 93
70 161
71 104
71 84
71 115
71 138
71 201
71 203
71 228
72 231
72 141
73 167
73 114
73 106
73 162
73 186
73 81
74 205
74 190
74 150
75 82
75 184
75 116
75 140
75 244
75 145
75 221
75 130
76 90
76 141
77 168
77 155
77 166
77 151
77 138
77 152
77 109
78 98
78 105
78 253
78 241
79 102
79 228
79 182
79 106
79 249
80 222
80 103
80 244
80 232
80 98
80 146
80 236
80 216
80 114
80 159
81 97
81 141
81 156
81 244
81 148
81 195
82 142
82 138
82 152
82 222
82 254
82 96
82 108
83 249
83 111
83 162
84 237
84 166
84 200
84 230
84 183
85 212
85 146
86 161
86 136
86 102
86 203
86 113
86 179
86 115
87 196
87 190
87 249
87 230
87 117
87 131
87 212
87 207
87 155
88 145
88 161
88 103
88 249
88 195
88 140
89 165
89 102
89 101
89 221
89 162
90 220
90 181
90 240
90 196
90 202
90 188
91 244
91 171
91 128
91 220
91 160
91 235
91 111
91 100
92 115
92 171
93 112
93 188
93 212
94 243
94 204
94 123
94 184
94 241
94 103
94 251
95 245
95 122
95 126
95 242
95 142
96 110
96 184
97 151
97 243
97 109
97 125
98 246
98 219
98 202
98 214
99 249
99 218
99 149
99 127
99 103
99 157
100 215
100 102
100 255
100 133
101 243
101 217
101 153
102 163
102 202
102 207
103 204
103 182
103 231
104 179
104 156
104 112
104 121
105 186
105 224
105 206
106 232
106 134
106 196
106 239
106 162
107 190
107 114
107 195
107 160
107 155
108 155
108 247
108 218
108 238
108 153
108 148
109 155
109 171
109 216
109 204
110 254
110 214
110 116
110 192
110 183
110 194
110 231
111 124
111 134
112 179
112 142
112 212
112 180
112 191
112 253
113 238
113 138
113 225
114 124
114 134
114 226
114 185
115 122
115 155
115 154
115 180
115 219
115 119
115 213
116 152
117 186
117 150
117 132
117 223
117 230
117 195
117 241
118 220
118 182
118 255
118 245
119 132
119 201
119 207
119 135
120 189
120 196
120 192
120 247
120 213
121 241
121 154
122 195
122 241
122 185
122 214
122 141
123 177
123 181
123 187
123 248
123 162
124 135
124 244
124 231
125 182
125 135
125 166
126 162
126 196
126 152
126 240
126 133
126 206
127 156
127 135
127 240
127 139
128 169
128 177
128 161
128 190
129 166
129 218
129 230
129 250
130 153
130 237
130 173
130 135
130 196
130 226
130 174
130 154
130 235
131 225
131 169
131 242
131 255
131 243
131 160
131 221
132 187
132 180
132 193
133 209
133 221
133 216
134 244
134 225
135 248
135 206
135 143
135 209
135 193
135 168
135 236
137 181
137 243
137 204
138 251
138 183
138 233
138 150
138 223
138 147
139 216
139 196
139 203
140 248
140 254
141 212
142 154
142 167
142 157
143 241
143 201
143 144
143 250
143 211
144 247
144 182
144 172
144 148
144 192
145 237
145 155
145 224
145 223
145 190
146 171
146 196
146 237
146 172
147 218
147 157
148 152
149 230
149 154
149 151
149 190
149 215
149 213
149 225
150 218
150 233
150 215
150 238
151 252
152 175
152 198
153 246
153 193
153 199
153 214
154 209
154 238
155 238
155 223
155 167
155 218
155 186
155 171
155 241
155 185
156 210
156 203
156 229
156 185
157 225
157 228
157 192
158 187
158 255
159 204
159 176
160 168
161 199
161 166
162 252
162 164
162 253
163 182
164 207
164 236
165 202
165 247
165 189
165 173
166 204
166 211
167 204
167 184
167 217
167 170
167 251
167 195
167 246
168 239
168 233
168 252
168 206
169 204
170 238
170 225
171 188
171 220
171 215
172 215
173 189
173 230
173 200
174 230
174 244
175 182
176 230
176 249
177 216
178 228
178 234
178 190
178 220
178 235
178 188
179 227
179 229
180 238
180 187
180 182
181 218
181 191
181 209
182 242
182 203
182 213
182 186
183 218
183 222
184 195
185 200
186 204
186 196
187 244
187 225
188 239
189 218
189 199
190 255
191 238
191 206
191 202
191 255
192 234
192 235
193 215
194 236
195 209
196 220
197 253
197 255
197 221
198 224
199 218
200 209
200 214
200 244
201 226
201 245
202 234
202 241
203 243
203 232
203 218
204 210
204 225
204 231
205 255
205 246
206 241
206 226
206 233
207 243
207 248
209 233
209 227
210 235
210 218
210 251
211 226
211 227
211 220
212 235
212 222
212 217
213 250
214 247
214 223
214 254
214 233
214 235
215 235
215 245
215 247
216 243
218 252
221 233
222 247
223 238
224 232
225 253
225 240
225 245
227 255
228 236
229 247
229 255
237 249
239 248
242 250
244 248
253 255
