0 79
0 197
0 175
0 76
0 242
0 161
1 24
1 219
1 27
1 168
1 164
1 16
1 117
1 42
1 20
2 247
2 128
2 204
2 16
2 37
2 254
2 201
2 239
2 214
2 191
2 153
2 25
3 46
3 63
3 157
3 57
3 33
3 143
3 81
3 189
4 222
4 208
4 43
4 90
4 176
4 140
4 193
4 114
4 42
4 212
5 189
5 130
5 134
5 251
5 12
5 85
5 203
6 135
6 56
6 110
6 149
6 167
6 20
7 178
7 90
7 115
7 142
7 62
7 145
7 73
7 36
7 171
7 87
7 34
7 53
7 31
8 28
8 157
8 147
8 199
8 117
9 200
9 126
9 150
9 17
9 43
9 146
9 25
9 217
9 220
9 122
9 130
9 59
9 32
10 228
10 214
10 40
10 22
10 105
11 175
11 163
11 200
11 47
11 24
11 113
12 218
12 55
12 95
12 98
12 227
12 252
12 144
13 193
13 67
13 106
13 61
13 77
13 78
13 228
13 197
13 127
14 64
14 114
14 130
14 248
14 234
15 85
15 198
15 18
16 244
16 136
16 183
16 212
16 58
16 131
16 193
16 63
17 158
17 171
17 25
17 62
17 229
17 70
17 157
17 109
18 44
18 218
18 197
18 143
18 148
18 92
18 196
19 101
19 84
19 230
19 89
20 217
20 89
20 84
20 63
20 115
20 130
20 90
21 214
21 245
21 167
21 157
21 113
21 210
21 131
21 156
21 183
21 193
21 85
21 254
21 48
21 178
21 120
21 89
22 225
22 25
22 120
22 28
22 224
22 102
23 180
23 231
23 161
23 252
23 122
23 48
23 117
23 89
24 28
24 152
24 104
24 197
24 69
24 254
24 96
25 30
25 97
25 152
25 111
25 49
25 208
25 251
25 212
26 91
26 199
26 185
26 206
26 229
27 238
27 63
27 210
27 69
27 82
27 87
28 135
28 171
28 29
28 54
28 196
29 239
29 90
29 116
29 37
29 218
29 95
29 55
29 208
30 192
30 175
30 173
30 87
30 133
30 207
30 185
31 81
31 122
31 215
31 184
31 48
31 159
32 103
32 167
32 105
32 247
32 237
32 166
32 34
32 196
32 36
33 126
33 94
33 117
33 227
34 248
34 123
34 185
34 144
34 118
34 228
34 232
34 180
34 61
34 117
34 254
35 228
35 107
35 77
35 85
35 176
35 214
36 209
36 197
36 254
36 201
36 123
36 214
37 249
37 130
37 245
37 112
37 184
37 136
37 160
38 232
38 166
38 74
38 61
38 142
38 168
38 113
38 249
38 101
38 46
38 84
39 141
39 119
39 233
39 176
40 181
40 168
40 96
40 72
40 146
40 69
41 140
41 202
41 71
41 241
41 43
41 203
41 84
41 137
41 145
41 234
42 196
42 126
42 104
42 212
43 138
43 143
43 205
43 142
43 202
43 92
43 154
44 149
44 59
44 230
44 205
44 124
44 129
44 252
44 72
45 161
45 143
45 230
45 95
45 113
45 223
46 84
46 184
46 59
46 83
47 80
47 91
47 225
47 240
47 211
47 64
47 103
47 148
48 109
48 238
49 55
49 238
49 143
49 151
49 69
50 205
50 53
50 221
50 118
50 243
50 244
50 95
50 202
50 87
51 57
51 205
51 252
51 101
51 206
51 119
51 112
51 79
52 243
52 91
52 125
52 225
52 158
52 200
52 153
52 105
53 201
53 125
53 162
53 213
53 237
54 216
54 181
54 102
54 137
54 251
54 167
54 224
54 114
55 68
55 146
55 217
55 99
55 233
55 219
55 75
55 216
55 86
56 244
56 250
56 224
56 73
56 219
56 167
57 228
57 100
57 179
57 98
57 148
57 121
57 86
58 106
58 204
58 178
59 82
59 97
59 251
59 148
59 176
59 150
59 112
59 133
59 102
59 221
60 117
60 193
60 222
60 152
61 255
61 219
61 112
61 135
61 93
61 189
61 116
62 65
62 105
62 196
63 229
63 160
63 174
63 149
63 82
63 131
63 243
64 109
64 79
64 242
64 155
64 194
64 237
64 125
64 130
64 154
64 181
65 181
65 169
65 243
65 146
65 75
66 175
66 244
66 195
66 160
66 144
66 166
66 71
67 141
67 176
67 75
67 175
67 164
67 170
67 115
67 95
68 248
68 145
68 219
68 155
68 84
69 125
69 213
69 117
70 150
70 122
70 219
70 197
70 110
70 86
70 201
70 194
70 239
71 130
71 135
71 211
71 95
71 91
71 191
71 254
71 112
71 196
71 106
71 220
72 201
72 159
72 104
72 221
72 168
72 94
72 123
73 223
73 91
73 134
73 218
73 201
73 88
74 117
74 124
75 240
75 199
75 132
75 193
75 124
76 230
76 157
76 77
76 169
76 200
76 81
76 173
76 145
77 83
77 237
77 178
77 79
77 143
77 180
78 193
78 189
78 149
78 213
78 89
78 215
78 243
78 104
78 128
79 177
79 134
79 85
80 135
80 197
80 134
80 108
80 184
80 237
80 248
80 253
80 218
81 232
81 174
81 223
81 200
81 116
81 99
82 244
82 229
82 85
83 101
83 204
83 190
83 202
83 227
83 105
83 171
83 144
84 157
84 86
84 85
84 178
84 126
84 113
85 97
85 93
85 199
85 122
86 239
86 139
86 146
86 234
86 219
86 190
87 120
87 202
87 229
87 194
87 211
87 213
87 107
88 229
88 204
88 128
88 114
88 127
88 189
88 228
88 188
88 144
89 179
89 153
89 143
90 217
91 183
91 128
91 110
92 172
92 254
92 190
92 163
92 220
92 107
92 176
92 161
92 235
93 168
93 165
93 176
93 134
93 101
93 113
93 170
93 122
93 209
94 112
94 166
94 194
94 132
94 169
94 147
94 213
95 222
95 150
95 122
95 202
95 188
96 105
96 241
97 217
97 157
97 249
98 201
98 129
98 227
98 249
98 202
98 110
98 156
98 150
98 229
99 134
99 170
99 131
99 113
99 196
100 134
100 171
100 170
101 247
101 143
101 192
101 239
101 201
102 193
102 163
102 112
102 235
102 184
102 148
102 161
102 183
102 146
102 134
103 216
103 174
103 117
103 112
104 152
104 238
104 226
105 177
105 238
105 112
106 167
106 114
106 232
106 179
106 235
106 157
107 198
107 254
107 170
107 221
107 215
107 108
107 178
108 181
108 158
108 249
108 112
108 121
108 203
108 155
108 157
109 204
109 234
109 235
109 222
110 212
110 206
110 237
110 216
111 134
111 181
111 250
111 245
111 248
111 193
111 198
112 224
112 234
112 182
113 198
113 185
113 145
114 164
114 124
114 177
115 121
115 225
115 149
115 119
116 127
116 186
116 123
116 178
116 232
116 172
117 208
117 234
117 161
117 236
117 210
118 151
118 172
118 231
118 163
118 161
119 138
119 128
119 222
119 235
119 159
119 193
119 163
120 191
120 197
120 227
120 247
121 226
121 218
121 248
121 127
121 244
122 195
122 177
122 229
122 206
122 245
122 145
123 142
123 222
123 138
123 236
123 151
124 221
124 127
124 161
124 189
124 172
125 241
126 155
126 189
126 173
126 190
126 158
127 198
127 182
127 164
127 170
127 188
127 129
128 242
128 206
128 222
129 199
129 169
129 215
129 185
130 164
130 222
130 215
131 239
131 241
131 192
132 231
132 227
132 202
132 236
132 196
133 217
133 150
133 175
133 188
133 252
134 165
134 244
134 234
134 236
134 248
135 249
137 180
137 248
137 146
137 251
138 153
138 239
139 174
139 221
139 252
140 255
140 212
141 240
141 217
141 210
141 208
141 146
142 248
142 161
143 229
143 192
143 218
143 164
144 168
144 228
144 248
145 189
145 192
145 165
145 154
146 148
146 211
146 176
146 232
146 230
147 245
148 175
148 218
149 241
149 214
149 168
150 169
150 250
150 207
150 181
151 244
151 255
151 239
152 177
153 206
153 176
154 229
154 238
155 240
155 207
156 223
156 157
157 222
157 185
157 195
158 178
158 186
159 240
159 252
161 215
161 216
161 231
161 222
161 197
161 188
162 172
162 231
162 168
164 240
164 183
165 195
165 183
165 238
166 215
166 232
166 240
166 182
167 204
167 214
167 244
168 185
168 203
169 214
170 180
170 238
170 219
171 241
171 185
171 186
172 183
172 173
173 186
173 225
173 246
173 189
174 232
174 191
175 224
175 180
176 255
177 220
177 241
178 187
179 242
179 251
179 194
180 212
180 192
180 232
180 217
180 230
180 246
181 190
181 248
182 210
183 217
183 242
184 240
184 217
185 189
185 202
186 215
186 225
187 193
188 206
188 220
190 251
192 225
192 219
192 193
194 246
195 217
195 211
195 215
197 198
199 238
199 200
199 227
199 221
199 211
199 252
200 231
200 228
201 213
202 252
202 203
204 254
204 226
205 224
207 230
208 240
210 214
210 230
211 238
211 239
211 235
214 237
215 226
215 229
216 240
216 230
218 244
220 230
220 237
221 230
222 223
222 255
224 232
226 233
227 242
229 231
230 246
232 238
232 247
233 234
234 235
237 250
238 248
238 252
239 250
242 251
243 253
248 251
252 254
