3 29 47 6 25 56 9 13 61 
3 29 47 6 25 56 9 39 42 13 61 
3 29 47 6 25 56 27 39 42 13 61 
3 29 47 6 25 51 45 40 18 10 23 13 61 
3 29 47 6 25 51 45 40 18 23 13 61 
3 29 47 6 25 48 51 45 40 18 10 23 13 61 
3 29 47 6 25 48 51 45 40 18 23 13 61 
3 29 47 6 25 48 61 
3 29 18 10 23 25 56 9 13 61 
3 29 18 10 23 25 56 9 39 42 13 61 
3 29 18 10 23 25 56 27 39 42 13 61 
3 29 18 10 23 25 48 61 
3 29 18 10 23 13 38 6 25 48 61 
3 29 18 10 23 13 61 
3 29 18 23 25 56 9 13 61 
3 29 18 23 25 56 9 39 42 13 61 
3 29 18 23 25 56 27 39 42 13 61 
3 29 18 23 25 48 61 
3 29 18 23 13 38 6 25 48 61 
3 29 18 23 13 61 
3 29 41 55 25 56 9 13 61 
3 29 41 55 25 56 9 39 42 13 61 
3 29 41 55 25 56 27 39 42 13 61 
3 29 41 55 25 51 45 40 18 10 23 13 61 
3 29 41 55 25 51 45 40 18 23 13 61 
3 29 41 55 25 48 51 45 40 18 10 23 13 61 
3 29 41 55 25 48 51 45 40 18 23 13 61 
3 29 41 55 25 48 61 
3 29 10 23 25 56 9 13 61 
3 29 10 23 25 56 9 39 42 13 61 
3 29 10 23 25 56 27 39 42 13 61 
3 29 10 23 25 48 61 
3 29 10 23 13 38 6 25 48 61 
3 29 10 23 13 61 
6 25 56 9 13 38 
6 25 56 9 13 38 18 10 23 51 45 29 47 
6 25 56 9 13 38 18 23 51 45 29 47 
6 25 56 9 39 42 13 38 
6 25 56 9 39 42 13 38 18 10 23 51 45 29 47 
6 25 56 9 39 42 13 38 18 23 51 45 29 47 
6 25 56 9 39 29 47 
6 25 56 9 39 29 18 10 23 13 38 
6 25 56 9 39 29 18 23 13 38 
6 25 56 9 39 29 10 23 13 38 
6 25 56 27 39 42 13 38 
6 25 56 27 39 42 13 38 18 10 23 51 45 29 47 
6 25 56 27 39 42 13 38 18 23 51 45 29 47 
6 25 56 27 39 29 47 
6 25 56 27 39 29 18 10 23 13 38 
6 25 56 27 39 29 18 23 13 38 
6 25 56 27 39 29 10 23 13 38 
6 25 51 45 40 18 10 23 13 38 
6 25 51 45 40 18 23 13 38 
6 25 51 45 29 47 
6 25 51 45 29 18 10 23 13 38 
6 25 51 45 29 18 23 13 38 
6 25 51 45 29 10 23 13 38 
6 25 48 51 45 40 18 10 23 13 38 
6 25 48 51 45 40 18 23 13 38 
6 25 48 51 45 29 47 
6 25 48 51 45 29 18 10 23 13 38 
6 25 48 51 45 29 18 23 13 38 
6 25 48 51 45 29 10 23 13 38 
9 13 38 18 10 23 25 56 
9 13 38 18 10 23 51 45 29 41 55 25 56 
9 13 38 18 23 25 56 
9 13 38 18 23 51 45 29 41 55 25 56 
9 39 42 13 38 18 10 23 25 56 
9 39 42 13 38 18 10 23 51 45 29 41 55 25 56 
9 39 42 13 38 18 23 25 56 
9 39 42 13 38 18 23 51 45 29 41 55 25 56 
9 39 29 18 10 23 25 56 
9 39 29 18 23 25 56 
9 39 29 41 55 25 56 
9 39 29 10 23 25 56 
10 23 25 56 27 39 42 13 38 18 
10 23 25 56 27 39 29 18 
10 23 25 56 27 39 29 
10 23 25 51 45 40 18 
10 23 25 51 45 29 18 
10 23 25 51 45 29 
10 23 25 48 51 45 40 18 
10 23 25 48 51 45 29 18 
10 23 25 48 51 45 29 
10 23 13 38 18 
10 23 51 45 40 18 
10 23 51 45 29 18 
10 23 51 45 29 41 55 25 56 27 39 42 13 38 18 
10 23 51 45 29 
13 38 18 23 25 56 27 39 42 
13 38 18 23 
13 38 18 23 51 45 29 41 55 25 56 27 39 42 
39 29 18 23 25 56 27 
39 29 41 55 25 56 27 
40 18 23 25 51 45 
40 18 23 25 48 51 45 
40 18 23 51 45 
41 55 25 51 45 29 
41 55 25 48 51 45 29 
41 62 54 43 
45 29 18 23 25 51 
45 29 18 23 25 48 51 
45 29 18 23 51 
17 51 
