1596
14005492 6641068 11377174 21457252 18609668 13924062 9968544 11302256 7672548 14827854 17724927 19642861 
15598964 7399236 12671374 23900844 20726310 15508932 11102576 12591796 8545326 16517226 19740993 21880135 
19637024 9316048 15951480 30089242 26091416 19524234 13976704 15853408 10757364 20794356 24850932 27545568 
19302412 9154364 15679930 29573906 25647558 19190742 13738672 15579124 10574242 20437338 24428151 27073429 
15026188 7127136 12206154 23022879 19965443 14939490 10695000 12128902 8231593 15910434 19016190 21076398 
844900 400684 686342 1294486 1122652 840024 601376 681904 462856 894570 1069263 1185041 
13294812 6306248 10799666 20370377 17664801 13218078 9462600 10731794 7283083 14077410 16825020 18648152 
13194700 6257560 10718450 20215915 17532085 13118220 9391400 10649290 7228315 13970310 16698600 18506600 
6068516 2878568 4929598 9298247 8063267 6033582 4319320 4898678 3324425 6425814 7679880 8512156 
10943064 5190224 8889340 16766576 14540182 10879806 7788784 8832732 5994798 11586792 13848912 15348988 
