491
3383016 2859108 3055080 2254140 2534700 3475836 3709692 2275560 3484824 
2335892 1974146 2109460 1556430 1750150 2399982 2561454 1571220 2406188 
2980276 2518738 2691380 1985790 2232950 3062046 3268062 2004660 3069964 
2174796 1837998 1963980 1449090 1629450 2234466 2384802 1462860 2240244 
3221920 2722960 2909600 2146800 2414000 3310320 3533040 2167200 3318880 
1772056 1497628 1600280 1180740 1327700 1820676 1943172 1191960 1825384 
2658084 2246442 2400420 1771110 1991550 2731014 2914758 1787940 2738076 
2013700 1701850 1818500 1341750 1508750 2068950 2208150 1354500 2074300 
3866304 3267552 3491520 2576160 2896800 3972384 4239648 2600640 3982656 
1772056 1497628 1600280 1180740 1327700 1820676 1943172 1191960 1825384 
2255344 1906072 2036720 1502760 1689800 2317224 2473128 1517040 2323216 
2658084 2246442 2400420 1771110 1991550 2731014 2914758 1787940 2738076 
