558
2795600 3181200 3843950 3566800 2879950 3084800 2759450 3277600 3072750 3542700 2132850 
4249312 4835424 5842804 5421536 4377524 4688896 4194364 4981952 4670580 5384904 3241932 
3019248 3435696 4151466 3852144 3110346 3331584 2980206 3539808 3318570 3826116 2303478 
3354720 3817440 4612740 4280160 3455940 3701760 3311340 3933120 3687300 4251240 2559420 
2571952 2926704 3536434 3281456 2649554 2838016 2538694 3015392 2826930 3259284 1962222 
3131072 3562944 4305224 3994816 3225544 3454976 3090584 3670912 3441480 3967824 2388792 
3578368 4071936 4920256 4565504 3686336 3948544 3532096 4195328 3933120 4534656 2730048 
2795600 3181200 3843950 3566800 2879950 3084800 2759450 3277600 3072750 3542700 2132850 
3578368 4071936 4920256 4565504 3686336 3948544 3532096 4195328 3933120 4534656 2730048 
3913840 4453680 5381530 4993520 4031930 4318720 3863230 4588640 4301850 4959780 2985990 
4137488 4708176 5689046 5278864 4262326 4565504 4083986 4850848 4547670 5243196 3156618 
2795600 3181200 3843950 3566800 2879950 3084800 2759450 3277600 3072750 3542700 2132850 
3578368 4071936 4920256 4565504 3686336 3948544 3532096 4195328 3933120 4534656 2730048 
