605
29982400 12592608 16790144 26384512 13791904 23386272 
30611150 12856683 17142244 26937812 14081129 23876697 
28931300 12151146 16201528 25459544 13308398 22566414 
17104250 7183785 9578380 15051740 7867955 13341315 
48480350 20361747 27148996 42662708 22300961 37814673 
26523850 11140017 14853356 23340988 12200971 20688603 
35636450 14967309 19956412 31360076 16392767 27796431 
33633200 14125944 18834592 29597216 15471272 26233896 
34498150 14489223 19318964 30358372 15869149 26908557 
29622350 12441387 16588516 26067668 13626281 23105433 
14054850 5903037 7870716 12368268 6465231 10962783 
20157150 8466003 11288004 17738292 9272289 15722577 
