1530
61111010 32060530 54684096 48281862 43372313 
49214549 25820308 44038968 38882586 34929638 
24539546 12873693 21958553 19387984 17416123 
36964448 19392190 33076860 29204522 26234525 
23920855 12550319 21405873 18899088 16978096 
27236186 14289662 24372046 21518252 19330854 
33773791 17719140 30221842 26683428 23970491 
26541615 13923811 23750059 20969826 18836935 
17683676 9277006 15824088 13971478 12550547 
57948243 30401042 51854054 45783166 41127548 
50949715 26730378 45591592 40253548 36160985 
60502540 31741796 54139626 47800970 42940711 
45361658 23798049 40591049 35838772 32194549 
39406295 20673220 35262168 31133846 27967694 
