648
1322776 944840 1606228 1322776 1700712 1417260 1700712 944840 1228292 1795196 1322776 1795196 1322776 1889680 
1050140 750100 1275170 1050140 1350180 1125150 1350180 750100 975130 1425190 1050140 1425190 1050140 1500200 
1010464 721760 1226992 1010464 1299168 1082640 1299168 721760 938288 1371344 1010464 1371344 1010464 1443520 
1000272 714480 1214616 1000272 1286064 1071720 1286064 714480 928824 1357512 1000272 1357512 1000272 1428960 
1309126 935090 1589653 1309126 1683162 1402635 1683162 935090 1215617 1776671 1309126 1776671 1309126 1870180 
1225406 875290 1487993 1225406 1575522 1312935 1575522 875290 1137877 1663051 1225406 1663051 1225406 1750580 
689598 492570 837369 689598 886626 738855 886626 492570 640341 935883 689598 935883 689598 985140 
1282736 916240 1557608 1282736 1649232 1374360 1649232 916240 1191112 1740856 1282736 1740856 1282736 1832480 
1520974 1086410 1846897 1520974 1955538 1629615 1955538 1086410 1412333 2064179 1520974 2064179 1520974 2172820 
